n=1000;
r=5;
prob=5/1000;
prob